1.100000000000000000e+01
1.800000000000000000e+01
1.900000000000000000e+01
2.300000000000000000e+01
2.400000000000000000e+01
2.500000000000000000e+01
3.100000000000000000e+01
3.700000000000000000e+01
4.400000000000000000e+01
4.800000000000000000e+01
5.600000000000000000e+01
6.300000000000000000e+01
6.500000000000000000e+01
6.700000000000000000e+01
7.000000000000000000e+01
7.600000000000000000e+01
7.900000000000000000e+01
8.600000000000000000e+01
9.600000000000000000e+01
9.700000000000000000e+01
1.050000000000000000e+02
1.100000000000000000e+02
1.150000000000000000e+02
1.190000000000000000e+02
1.240000000000000000e+02
1.260000000000000000e+02
1.300000000000000000e+02
1.310000000000000000e+02
1.350000000000000000e+02
1.380000000000000000e+02
1.400000000000000000e+02
1.450000000000000000e+02
1.460000000000000000e+02
1.500000000000000000e+02
1.560000000000000000e+02
1.620000000000000000e+02
1.680000000000000000e+02
1.690000000000000000e+02
1.700000000000000000e+02
1.710000000000000000e+02
1.760000000000000000e+02
1.770000000000000000e+02
1.850000000000000000e+02
1.960000000000000000e+02
2.000000000000000000e+02
2.050000000000000000e+02
2.070000000000000000e+02
2.080000000000000000e+02
2.100000000000000000e+02
2.120000000000000000e+02
2.180000000000000000e+02
2.260000000000000000e+02
2.270000000000000000e+02
2.310000000000000000e+02
2.320000000000000000e+02
2.330000000000000000e+02
2.390000000000000000e+02
2.400000000000000000e+02
2.480000000000000000e+02
2.530000000000000000e+02
2.540000000000000000e+02
2.550000000000000000e+02
2.590000000000000000e+02
2.620000000000000000e+02
2.630000000000000000e+02
2.640000000000000000e+02
2.710000000000000000e+02
2.770000000000000000e+02
2.790000000000000000e+02
2.800000000000000000e+02
2.830000000000000000e+02
2.880000000000000000e+02
2.920000000000000000e+02
2.940000000000000000e+02
2.960000000000000000e+02
2.970000000000000000e+02
3.120000000000000000e+02
3.150000000000000000e+02
3.200000000000000000e+02
3.260000000000000000e+02
3.320000000000000000e+02
3.330000000000000000e+02
3.340000000000000000e+02
3.400000000000000000e+02
3.450000000000000000e+02
3.530000000000000000e+02
3.540000000000000000e+02
3.620000000000000000e+02
3.640000000000000000e+02
3.680000000000000000e+02
3.690000000000000000e+02
3.700000000000000000e+02
3.710000000000000000e+02
3.750000000000000000e+02
3.810000000000000000e+02
3.860000000000000000e+02
3.890000000000000000e+02
3.930000000000000000e+02
4.020000000000000000e+02
4.040000000000000000e+02
4.110000000000000000e+02
4.120000000000000000e+02
4.140000000000000000e+02
4.170000000000000000e+02
4.190000000000000000e+02
4.250000000000000000e+02
4.260000000000000000e+02
4.280000000000000000e+02
4.320000000000000000e+02
4.330000000000000000e+02
4.360000000000000000e+02
4.390000000000000000e+02
4.430000000000000000e+02
4.450000000000000000e+02
4.500000000000000000e+02
4.510000000000000000e+02
4.570000000000000000e+02
4.660000000000000000e+02
4.730000000000000000e+02
4.800000000000000000e+02
4.830000000000000000e+02
4.860000000000000000e+02
4.900000000000000000e+02
4.960000000000000000e+02
